Motor Transmission 1


Fault 2%

-------Given Over-approximated Star-------
Center:  [0, 0, 0, 0, 0, 0, 0]
Vector: 
[[1 0 0 0 0 0 0]
 [0 1 0 0 0 0 0]
 [0 0 1 0 0 0 0]
 [0 0 0 1 0 0 0]
 [0 0 0 0 1 0 0]
 [0 0 0 0 0 1 0]
 [0 0 0 0 0 0 1]]
Predicate (Box):  [(1, 1), (1, 1), (1, 1), (1, 1), (1, 1), (1, 1), (1, 1)]
-----------------------

-------Computed U Star-------
Center:  [0, 0, 0, 0, 0, 0, 0]
Vector: 
[[ 1.          0.          0.          0.          0.          0.003125
   0.        ]
 [ 0.          1.          0.          0.          0.          0.
  -0.00888889]
 [ 0.01        0.          1.          0.          0.          0.
   0.        ]
 [ 0.          0.01        0.          1.          0.          0.
   0.        ]
 [ 0.          0.          0.          0.          1.          0.
   0.        ]
 [ 0.          0.          0.          0.          0.          1.
   0.        ]
 [ 0.          0.          0.          0.          0.          0.
   1.        ]]
Predicate (Box):  [(0.0, 0.0), (-0.00017777777777777844, 0.00017777777777777844), (0.0, 0.0), (1.7777777777777843e-06, -1.7777777777777843e-06), (0.0, 0.0), (0.0, 0.0), (0.0, 0.0)]
-----------------------



Fault 5%

-------Given Over-approximated Star-------
Center:  [0, 0, 0, 0, 0, 0, 0]
Vector: 
[[1 0 0 0 0 0 0]
 [0 1 0 0 0 0 0]
 [0 0 1 0 0 0 0]
 [0 0 0 1 0 0 0]
 [0 0 0 0 1 0 0]
 [0 0 0 0 0 1 0]
 [0 0 0 0 0 0 1]]
Predicate (Box):  [(1, 1), (1, 1), (1, 1), (1, 1), (1, 1), (1, 1), (1, 1)]
-----------------------

-------Computed U Star-------
Center:  [0, 0, 0, 0, 0, 0, 0]
Vector: 
[[ 1.          0.          0.          0.          0.          0.003125
   0.        ]
 [ 0.          1.          0.          0.          0.          0.
  -0.00888889]
 [ 0.01        0.          1.          0.          0.          0.
   0.        ]
 [ 0.          0.01        0.          1.          0.          0.
   0.        ]
 [ 0.          0.          0.          0.          1.          0.
   0.        ]
 [ 0.          0.          0.          0.          0.          1.
   0.        ]
 [ 0.          0.          0.          0.          0.          0.
   1.        ]]
Predicate (Box):  [(0.0, 0.0), (-0.0004444444444444452, 0.0004444444444444452), (0.0, 0.0), (4.444444444444453e-06, -4.444444444444453e-06), (0.0, 0.0), (0.0, 0.0), (0.0, 0.0)]
-----------------------




Fault 10%

-------Given Over-approximated Star-------
Center:  [0, 0, 0, 0, 0, 0, 0]
Vector: 
[[1 0 0 0 0 0 0]
 [0 1 0 0 0 0 0]
 [0 0 1 0 0 0 0]
 [0 0 0 1 0 0 0]
 [0 0 0 0 1 0 0]
 [0 0 0 0 0 1 0]
 [0 0 0 0 0 0 1]]
Predicate (Box):  [(1, 1), (1, 1), (1, 1), (1, 1), (1, 1), (1, 1), (1, 1)]
-----------------------

-------Computed U Star-------
Center:  [0, 0, 0, 0, 0, 0, 0]
Vector: 
[[ 1.          0.          0.          0.          0.          0.003125
   0.        ]
 [ 0.          1.          0.          0.          0.          0.
  -0.00888889]
 [ 0.01        0.          1.          0.          0.          0.
   0.        ]
 [ 0.          0.01        0.          1.          0.          0.
   0.        ]
 [ 0.          0.          0.          0.          1.          0.
   0.        ]
 [ 0.          0.          0.          0.          0.          1.
   0.        ]
 [ 0.          0.          0.          0.          0.          0.
   1.        ]]
Predicate (Box):  [(0.0, 0.0), (-0.0008888888888888887, 0.0008888888888888904), (0.0, 0.0), (8.888888888888887e-06, -8.888888888888905e-06), (0.0, 0.0), (0.0, 0.0), (0.0, 0.0)]
-----------------------

