PKPD2


Fault 2%

-------Given Over-approximated Star-------
Center:  [0, 0, 0, 0, 0]
Vector: 
[[1 0 0 0 0]
 [0 1 0 0 0]
 [0 0 1 0 0]
 [0 0 0 1 0]
 [0 0 0 0 1]]
Predicate (Box):  [(1, 1), (1, 1), (1, 1), (1, 1), (1, 1)]
-----------------------

-------Computed U Star-------
Center:  [0, 0, 0, 0, 0]
Vector: 
[[9.97859624e-01 1.14000000e-03 4.19000000e-04 0.00000000e+00
  8.72600349e-07]
 [5.50000000e-04 9.99450000e-01 0.00000000e+00 0.00000000e+00
  0.00000000e+00]
 [3.30000000e-05 0.00000000e+00 9.99967000e-01 0.00000000e+00
  0.00000000e+00]
 [4.00000000e-01 0.00000000e+00 0.00000000e+00 6.00000000e-01
  0.00000000e+00]
 [0.00000000e+00 0.00000000e+00 0.00000000e+00 0.00000000e+00
  1.00000000e+00]]
Predicate (Box):  [(-1.748945219677008e-08, 1.748945219677008e-08), (9.624492178921952e-12, -9.624492178921952e-12), (5.771709691353941e-13, -5.771709691353941e-13), (1.165963479784672e-08, -1.165963479784672e-08), (0.0, 0.0)]
-----------------------



Fault 5%

-------Given Over-approximated Star-------
Center:  [0, 0, 0, 0, 0]
Vector: 
[[1 0 0 0 0]
 [0 1 0 0 0]
 [0 0 1 0 0]
 [0 0 0 1 0]
 [0 0 0 0 1]]
Predicate (Box):  [(1, 1), (1, 1), (1, 1), (1, 1), (1, 1)]
-----------------------

-------Computed U Star-------
Center:  [0, 0, 0, 0, 0]
Vector: 
[[9.97859624e-01 1.14000000e-03 4.19000000e-04 0.00000000e+00
  8.72600349e-07]
 [5.50000000e-04 9.99450000e-01 0.00000000e+00 0.00000000e+00
  0.00000000e+00]
 [3.30000000e-05 0.00000000e+00 9.99967000e-01 0.00000000e+00
  0.00000000e+00]
 [4.00000000e-01 0.00000000e+00 0.00000000e+00 6.00000000e-01
  0.00000000e+00]
 [0.00000000e+00 0.00000000e+00 0.00000000e+00 0.00000000e+00
  1.00000000e+00]]
Predicate (Box):  [(-4.372363049192504e-08, 4.372363049192504e-08), (2.4061230447304793e-11, -2.4061230447304793e-11), (1.4429274228384802e-12, -1.4429274228384802e-12), (2.9149086994616695e-08, -2.9149086994616695e-08), (0.0, 0.0)]
-----------------------



Fault 10%

-------Given Over-approximated Star-------
Center:  [0, 0, 0, 0, 0]
Vector: 
[[1 0 0 0 0]
 [0 1 0 0 0]
 [0 0 1 0 0]
 [0 0 0 1 0]
 [0 0 0 0 1]]
Predicate (Box):  [(1, 1), (1, 1), (1, 1), (1, 1), (1, 1)]
-----------------------

-------Computed U Star-------
Center:  [0, 0, 0, 0, 0]
Vector: 
[[9.97859624e-01 1.14000000e-03 4.19000000e-04 0.00000000e+00
  8.72600349e-07]
 [5.50000000e-04 9.99450000e-01 0.00000000e+00 0.00000000e+00
  0.00000000e+00]
 [3.30000000e-05 0.00000000e+00 9.99967000e-01 0.00000000e+00
  0.00000000e+00]
 [4.00000000e-01 0.00000000e+00 0.00000000e+00 6.00000000e-01
  0.00000000e+00]
 [0.00000000e+00 0.00000000e+00 0.00000000e+00 0.00000000e+00
  1.00000000e+00]]
Predicate (Box):  [(-8.744726098385008e-08, 8.744726098385008e-08), (4.812246089460959e-11, -4.812246089460959e-11), (2.8858548456769605e-12, -2.8858548456769605e-12), (5.829817398923338e-08, -5.829817398923338e-08), (0.0, 0.0)]
-----------------------


