-------Given Over-approximated Star-------
Center:  [0, 0, 0, 0, 0, 0, 0, 0, 0, 0]
Vector: 
[[1 0 0 0 0 0 0 0 0 0]
 [0 1 0 0 0 0 0 0 0 0]
 [0 0 1 0 0 0 0 0 0 0]
 [0 0 0 1 0 0 0 0 0 0]
 [0 0 0 0 1 0 0 0 0 0]
 [0 0 0 0 0 1 0 0 0 0]
 [0 0 0 0 0 0 1 0 0 0]
 [0 0 0 0 0 0 0 1 0 0]
 [0 0 0 0 0 0 0 0 1 0]
 [0 0 0 0 0 0 0 0 0 1]]
Predicate (Box):  [(1, 1), (1, 1), (1, 1), (1, 1), (1, 1), (1, 1), (1, 1), (1, 1), (1, 1), (1, 1)]
-----------------------

-------Computed U Star-------
Center:  [0, 0, 0, 0, 0, 0, 0, 0, 0, 0]
Vector: 
[[ 1.00000e+00  1.00000e-02  0.00000e+00  0.00000e+00  0.00000e+00
   0.00000e+00  0.00000e+00  0.00000e+00  0.00000e+00  0.00000e+00]
 [ 0.00000e+00  1.00000e+00 -1.00000e-02  0.00000e+00  0.00000e+00
   0.00000e+00  0.00000e+00  0.00000e+00  0.00000e+00  1.00000e-02]
 [ 1.60500e-02  4.86800e-02  9.64246e-01 -8.19800e-03  4.27000e-03
  -4.50000e-04 -1.94200e-03  3.62600e-03 -9.46000e-04  0.00000e+00]
 [ 0.00000e+00  0.00000e+00  0.00000e+00  1.00000e+00  1.00000e-02
   0.00000e+00  0.00000e+00  0.00000e+00  0.00000e+00  0.00000e+00]
 [ 0.00000e+00  0.00000e+00  1.00000e-02  0.00000e+00  1.00000e+00
  -1.00000e-02  0.00000e+00  0.00000e+00  0.00000e+00  0.00000e+00]
 [ 8.71800e-03  3.81400e-02 -7.54000e-04  1.19360e-02  3.62580e-02
   9.67604e-01 -5.95000e-03  1.29400e-03 -7.96000e-04  0.00000e+00]
 [ 0.00000e+00  0.00000e+00  0.00000e+00  0.00000e+00  0.00000e+00
   0.00000e+00  1.00000e+00  1.00000e-02  0.00000e+00  0.00000e+00]
 [ 0.00000e+00  0.00000e+00  0.00000e+00  0.00000e+00  0.00000e+00
   1.00000e-02  0.00000e+00  1.00000e+00 -1.00000e-02  0.00000e+00]
 [ 7.13200e-03  3.57300e-02 -9.64000e-04  8.47200e-03  3.25680e-02
  -8.76000e-04  1.27260e-02  3.07200e-02  9.68644e-01  0.00000e+00]
 [ 0.00000e+00  0.00000e+00  0.00000e+00  0.00000e+00  0.00000e+00
   0.00000e+00  0.00000e+00  0.00000e+00  0.00000e+00  1.00000e+00]]
Predicate (Box):  [(-0.09999948563943385, 0.09999948563943396), (-5.143605661212236e-05, 5.143605661212232e-05), (-0.005143605661212236, 0.0051436056612122315), (-5.058056142189768e-07, 5.058056142189764e-07), (5.058056142189768e-05, -5.058056142189764e-05), (-8.554951902246761e-05, 8.554951902246783e-05), (-8.165796271175772e-08, 8.165796271175783e-08), (8.165796271175772e-06, -8.165796271175782e-06), (0.0007310301080951095, -0.0007310301080951104), (0.0, 0.0)]
-----------------------
[0, 0, 0, 0, 0, 0, 0, 0, 0, 0]
[[ 1.00000e+00  0.00000e+00  0.00000e+00  0.00000e+00  0.00000e+00
   0.00000e+00  0.00000e+00  0.00000e+00  0.00000e+00  0.00000e+00
   1.00000e+00  1.00000e-02  0.00000e+00  0.00000e+00  0.00000e+00
   0.00000e+00  0.00000e+00  0.00000e+00  0.00000e+00  0.00000e+00]
 [ 0.00000e+00  1.00000e+00  0.00000e+00  0.00000e+00  0.00000e+00
   0.00000e+00  0.00000e+00  0.00000e+00  0.00000e+00  0.00000e+00
   0.00000e+00  1.00000e+00 -1.00000e-02  0.00000e+00  0.00000e+00
   0.00000e+00  0.00000e+00  0.00000e+00  0.00000e+00  1.00000e-02]
 [ 0.00000e+00  0.00000e+00  1.00000e+00  0.00000e+00  0.00000e+00
   0.00000e+00  0.00000e+00  0.00000e+00  0.00000e+00  0.00000e+00
   1.60500e-02  4.86800e-02  9.64246e-01 -8.19800e-03  4.27000e-03
  -4.50000e-04 -1.94200e-03  3.62600e-03 -9.46000e-04  0.00000e+00]
 [ 0.00000e+00  0.00000e+00  0.00000e+00  1.00000e+00  0.00000e+00
   0.00000e+00  0.00000e+00  0.00000e+00  0.00000e+00  0.00000e+00
   0.00000e+00  0.00000e+00  0.00000e+00  1.00000e+00  1.00000e-02
   0.00000e+00  0.00000e+00  0.00000e+00  0.00000e+00  0.00000e+00]
 [ 0.00000e+00  0.00000e+00  0.00000e+00  0.00000e+00  1.00000e+00
   0.00000e+00  0.00000e+00  0.00000e+00  0.00000e+00  0.00000e+00
   0.00000e+00  0.00000e+00  1.00000e-02  0.00000e+00  1.00000e+00
  -1.00000e-02  0.00000e+00  0.00000e+00  0.00000e+00  0.00000e+00]
 [ 0.00000e+00  0.00000e+00  0.00000e+00  0.00000e+00  0.00000e+00
   1.00000e+00  0.00000e+00  0.00000e+00  0.00000e+00  0.00000e+00
   8.71800e-03  3.81400e-02 -7.54000e-04  1.19360e-02  3.62580e-02
   9.67604e-01 -5.95000e-03  1.29400e-03 -7.96000e-04  0.00000e+00]
 [ 0.00000e+00  0.00000e+00  0.00000e+00  0.00000e+00  0.00000e+00
   0.00000e+00  1.00000e+00  0.00000e+00  0.00000e+00  0.00000e+00
   0.00000e+00  0.00000e+00  0.00000e+00  0.00000e+00  0.00000e+00
   0.00000e+00  1.00000e+00  1.00000e-02  0.00000e+00  0.00000e+00]
 [ 0.00000e+00  0.00000e+00  0.00000e+00  0.00000e+00  0.00000e+00
   0.00000e+00  0.00000e+00  1.00000e+00  0.00000e+00  0.00000e+00
   0.00000e+00  0.00000e+00  0.00000e+00  0.00000e+00  0.00000e+00
   1.00000e-02  0.00000e+00  1.00000e+00 -1.00000e-02  0.00000e+00]
 [ 0.00000e+00  0.00000e+00  0.00000e+00  0.00000e+00  0.00000e+00
   0.00000e+00  0.00000e+00  0.00000e+00  1.00000e+00  0.00000e+00
   7.13200e-03  3.57300e-02 -9.64000e-04  8.47200e-03  3.25680e-02
  -8.76000e-04  1.27260e-02  3.07200e-02  9.68644e-01  0.00000e+00]
 [ 0.00000e+00  0.00000e+00  0.00000e+00  0.00000e+00  0.00000e+00
   0.00000e+00  0.00000e+00  0.00000e+00  0.00000e+00  1.00000e+00
   0.00000e+00  0.00000e+00  0.00000e+00  0.00000e+00  0.00000e+00
   0.00000e+00  0.00000e+00  0.00000e+00  0.00000e+00  1.00000e+00]]
[(1, 1), (1, 1), (1, 1), (1, 1), (1, 1), (1, 1), (1, 1), (1, 1), (1, 1), (1, 1), (-0.09999948563943385, 0.09999948563943396), (-5.143605661212236e-05, 5.143605661212232e-05), (-0.005143605661212236, 0.0051436056612122315), (-5.058056142189768e-07, 5.058056142189764e-07), (5.058056142189768e-05, -5.058056142189764e-05), (-8.554951902246761e-05, 8.554951902246783e-05), (-8.165796271175772e-08, 8.165796271175783e-08), (8.165796271175772e-06, -8.165796271175782e-06), (0.0007310301080951095, -0.0007310301080951104), (0.0, 0.0)]

