-------Given Over-approximated Star-------
Center:  [0, 0, 0]
Vector: 
[[1 0 0]
 [0 1 0]
 [0 0 1]]
Predicate (Box):  [(-1, 1), (1, 1), (1, 1)]
-----------------------

-------Computed U Star-------
Center:  [0, 0, 0]
Vector: 
[[1.   0.   0.05]
 [0.   0.95 0.  ]
 [0.   0.   1.  ]]
Predicate (Box):  [(-0.0049999999999999975, 0.0050000000000000044), (-0.09999999999999998, 0.09999999999999998), (0.0, 0.0)]
-----------------------
[0, 0, 0]
[[1.   0.   0.   1.   0.   0.05]
 [0.   1.   0.   0.   0.95 0.  ]
 [0.   0.   1.   0.   0.   1.  ]]
[(-1, 1), (1, 1), (1, 1), (-0.0049999999999999975, 0.0050000000000000044), (-0.09999999999999998, 0.09999999999999998), (0.0, 0.0)]

