-------Given Over-approximated Star-------
Center:  [0, 0, 0, 0, 0, 0, 0, 0, 0, 0, 0, 0, 0, 0, 0, 0]
Vector: 
[[1 0 0 0 0 0 0 0 0 0 0 0 0 0 0 0]
 [0 1 0 0 0 0 0 0 0 0 0 0 0 0 0 0]
 [0 0 1 0 0 0 0 0 0 0 0 0 0 0 0 0]
 [0 0 0 1 0 0 0 0 0 0 0 0 0 0 0 0]
 [0 0 0 0 1 0 0 0 0 0 0 0 0 0 0 0]
 [0 0 0 0 0 1 0 0 0 0 0 0 0 0 0 0]
 [0 0 0 0 0 0 1 0 0 0 0 0 0 0 0 0]
 [0 0 0 0 0 0 0 1 0 0 0 0 0 0 0 0]
 [0 0 0 0 0 0 0 0 1 0 0 0 0 0 0 0]
 [0 0 0 0 0 0 0 0 0 1 0 0 0 0 0 0]
 [0 0 0 0 0 0 0 0 0 0 1 0 0 0 0 0]
 [0 0 0 0 0 0 0 0 0 0 0 1 0 0 0 0]
 [0 0 0 0 0 0 0 0 0 0 0 0 1 0 0 0]
 [0 0 0 0 0 0 0 0 0 0 0 0 0 1 0 0]
 [0 0 0 0 0 0 0 0 0 0 0 0 0 0 1 0]
 [0 0 0 0 0 0 0 0 0 0 0 0 0 0 0 1]]
Predicate (Box):  [(-10, 10), (-10, 10), (-10, 10), (1, 1), (1, 1), (1, 1), (1, 1), (1, 1), (1, 1), (1, 1), (1, 1), (1, 1), (1, 1), (1, 1), (1, 1), (1, 1)]
-----------------------

-------Computed U Star-------
Center:  [0, 0, 0, 0, 0, 0, 0, 0, 0, 0, 0, 0, 0, 0, 0, 0]
Vector: 
[[ 1.     0.     0.     0.01   0.     0.     0.     0.     0.     0.
   0.     0.     0.     0.     0.     0.   ]
 [ 0.     1.     0.     0.     0.01   0.     0.     0.     0.     0.
   0.     0.     0.     0.     0.     0.   ]
 [ 0.     0.     1.     0.     0.     0.01   0.     0.     0.     0.
   0.     0.     0.     0.     0.     0.   ]
 [ 0.     0.     0.     1.     0.     0.     0.    -0.098  0.     0.
   0.     0.     0.     0.     0.     0.   ]
 [ 0.     0.     0.     0.     1.     0.     0.098  0.     0.     0.
   0.     0.     0.     0.     0.     0.   ]
 [ 0.     0.     0.     0.     0.     1.     0.     0.     0.     0.
   0.     0.     0.01   0.     0.     0.   ]
 [ 0.     0.     0.     0.     0.     0.     1.     0.     0.     0.01
   0.     0.     0.     0.     0.     0.   ]
 [ 0.     0.     0.     0.     0.     0.     0.     1.     0.     0.
   0.01   0.     0.     0.     0.     0.   ]
 [ 0.     0.     0.     0.     0.     0.     0.     0.     1.     0.
   0.     0.01   0.     0.     0.     0.   ]
 [ 0.     0.     0.     0.     0.     0.     0.     0.     0.     1.
   0.     0.     0.     0.01   0.     0.   ]
 [ 0.     0.     0.     0.     0.     0.     0.     0.     0.     0.
   1.     0.     0.     0.     0.01   0.   ]
 [ 0.     0.     0.     0.     0.     0.     0.     0.     0.     0.
   0.     1.     0.     0.     0.     0.01 ]
 [ 0.     0.     0.     0.     0.     0.     0.     0.     0.     0.
   0.     0.     1.     0.     0.     0.   ]
 [ 0.     0.     0.     0.     0.     0.     0.     0.     0.     0.
   0.     0.     0.     1.     0.     0.   ]
 [ 0.     0.     0.     0.     0.     0.     0.     0.     0.     0.
   0.     0.     0.     0.     1.     0.   ]
 [ 0.     0.     0.     0.     0.     0.     0.     0.     0.     0.
   0.     0.     0.     0.     0.     1.   ]]
Predicate (Box):  [(9.800000000000004e-05, -9.800000000000004e-05), (9.800000000000004e-05, -9.800000000000004e-05), (0.0, 0.0), (-0.009800000000000003, 0.009800000000000003), (-0.009800000000000003, 0.009800000000000003), (0.0, 0.0), (0.0, 0.0), (0.0, 0.0), (0.0, 0.0), (0.0, 0.0), (0.0, 0.0), (0.0, 0.0), (0.0, 0.0), (0.0, 0.0), (0.0, 0.0), (0.0, 0.0)]
-----------------------
([0, 0, 0, 0, 0, 0, 0, 0, 0, 0, 0, 0, 0, 0, 0, 0], array([[ 1.   ,  0.   ,  0.   ,  0.01 ,  0.   ,  0.   ,  0.   ,  0.   ,
         0.   ,  0.   ,  0.   ,  0.   ,  0.   ,  0.   ,  0.   ,  0.   ],
       [ 0.   ,  1.   ,  0.   ,  0.   ,  0.01 ,  0.   ,  0.   ,  0.   ,
         0.   ,  0.   ,  0.   ,  0.   ,  0.   ,  0.   ,  0.   ,  0.   ],
       [ 0.   ,  0.   ,  1.   ,  0.   ,  0.   ,  0.01 ,  0.   ,  0.   ,
         0.   ,  0.   ,  0.   ,  0.   ,  0.   ,  0.   ,  0.   ,  0.   ],
       [ 0.   ,  0.   ,  0.   ,  1.   ,  0.   ,  0.   ,  0.   , -0.098,
         0.   ,  0.   ,  0.   ,  0.   ,  0.   ,  0.   ,  0.   ,  0.   ],
       [ 0.   ,  0.   ,  0.   ,  0.   ,  1.   ,  0.   ,  0.098,  0.   ,
         0.   ,  0.   ,  0.   ,  0.   ,  0.   ,  0.   ,  0.   ,  0.   ],
       [ 0.   ,  0.   ,  0.   ,  0.   ,  0.   ,  1.   ,  0.   ,  0.   ,
         0.   ,  0.   ,  0.   ,  0.   ,  0.01 ,  0.   ,  0.   ,  0.   ],
       [ 0.   ,  0.   ,  0.   ,  0.   ,  0.   ,  0.   ,  1.   ,  0.   ,
         0.   ,  0.01 ,  0.   ,  0.   ,  0.   ,  0.   ,  0.   ,  0.   ],
       [ 0.   ,  0.   ,  0.   ,  0.   ,  0.   ,  0.   ,  0.   ,  1.   ,
         0.   ,  0.   ,  0.01 ,  0.   ,  0.   ,  0.   ,  0.   ,  0.   ],
       [ 0.   ,  0.   ,  0.   ,  0.   ,  0.   ,  0.   ,  0.   ,  0.   ,
         1.   ,  0.   ,  0.   ,  0.01 ,  0.   ,  0.   ,  0.   ,  0.   ],
       [ 0.   ,  0.   ,  0.   ,  0.   ,  0.   ,  0.   ,  0.   ,  0.   ,
         0.   ,  1.   ,  0.   ,  0.   ,  0.   ,  0.01 ,  0.   ,  0.   ],
       [ 0.   ,  0.   ,  0.   ,  0.   ,  0.   ,  0.   ,  0.   ,  0.   ,
         0.   ,  0.   ,  1.   ,  0.   ,  0.   ,  0.   ,  0.01 ,  0.   ],
       [ 0.   ,  0.   ,  0.   ,  0.   ,  0.   ,  0.   ,  0.   ,  0.   ,
         0.   ,  0.   ,  0.   ,  1.   ,  0.   ,  0.   ,  0.   ,  0.01 ],
       [ 0.   ,  0.   ,  0.   ,  0.   ,  0.   ,  0.   ,  0.   ,  0.   ,
         0.   ,  0.   ,  0.   ,  0.   ,  1.   ,  0.   ,  0.   ,  0.   ],
       [ 0.   ,  0.   ,  0.   ,  0.   ,  0.   ,  0.   ,  0.   ,  0.   ,
         0.   ,  0.   ,  0.   ,  0.   ,  0.   ,  1.   ,  0.   ,  0.   ],
       [ 0.   ,  0.   ,  0.   ,  0.   ,  0.   ,  0.   ,  0.   ,  0.   ,
         0.   ,  0.   ,  0.   ,  0.   ,  0.   ,  0.   ,  1.   ,  0.   ],
       [ 0.   ,  0.   ,  0.   ,  0.   ,  0.   ,  0.   ,  0.   ,  0.   ,
         0.   ,  0.   ,  0.   ,  0.   ,  0.   ,  0.   ,  0.   ,  1.   ]]), [(9.800000000000004e-05, -9.800000000000004e-05), (9.800000000000004e-05, -9.800000000000004e-05), (0.0, 0.0), (-0.009800000000000003, 0.009800000000000003), (-0.009800000000000003, 0.009800000000000003), (0.0, 0.0), (0.0, 0.0), (0.0, 0.0), (0.0, 0.0), (0.0, 0.0), (0.0, 0.0), (0.0, 0.0), (0.0, 0.0), (0.0, 0.0), (0.0, 0.0), (0.0, 0.0)])
[0, 0, 0, 0, 0, 0, 0, 0, 0, 0, 0, 0, 0, 0, 0, 0]
[[ 1.     0.     0.     0.     0.     0.     0.     0.     0.     0.
   0.     0.     0.     0.     0.     0.     1.     0.     0.     0.01
   0.     0.     0.     0.     0.     0.     0.     0.     0.     0.
   0.     0.   ]
 [ 0.     1.     0.     0.     0.     0.     0.     0.     0.     0.
   0.     0.     0.     0.     0.     0.     0.     1.     0.     0.
   0.01   0.     0.     0.     0.     0.     0.     0.     0.     0.
   0.     0.   ]
 [ 0.     0.     1.     0.     0.     0.     0.     0.     0.     0.
   0.     0.     0.     0.     0.     0.     0.     0.     1.     0.
   0.     0.01   0.     0.     0.     0.     0.     0.     0.     0.
   0.     0.   ]
 [ 0.     0.     0.     1.     0.     0.     0.     0.     0.     0.
   0.     0.     0.     0.     0.     0.     0.     0.     0.     1.
   0.     0.     0.    -0.098  0.     0.     0.     0.     0.     0.
   0.     0.   ]
 [ 0.     0.     0.     0.     1.     0.     0.     0.     0.     0.
   0.     0.     0.     0.     0.     0.     0.     0.     0.     0.
   1.     0.     0.098  0.     0.     0.     0.     0.     0.     0.
   0.     0.   ]
 [ 0.     0.     0.     0.     0.     1.     0.     0.     0.     0.
   0.     0.     0.     0.     0.     0.     0.     0.     0.     0.
   0.     1.     0.     0.     0.     0.     0.     0.     0.01   0.
   0.     0.   ]
 [ 0.     0.     0.     0.     0.     0.     1.     0.     0.     0.
   0.     0.     0.     0.     0.     0.     0.     0.     0.     0.
   0.     0.     1.     0.     0.     0.01   0.     0.     0.     0.
   0.     0.   ]
 [ 0.     0.     0.     0.     0.     0.     0.     1.     0.     0.
   0.     0.     0.     0.     0.     0.     0.     0.     0.     0.
   0.     0.     0.     1.     0.     0.     0.01   0.     0.     0.
   0.     0.   ]
 [ 0.     0.     0.     0.     0.     0.     0.     0.     1.     0.
   0.     0.     0.     0.     0.     0.     0.     0.     0.     0.
   0.     0.     0.     0.     1.     0.     0.     0.01   0.     0.
   0.     0.   ]
 [ 0.     0.     0.     0.     0.     0.     0.     0.     0.     1.
   0.     0.     0.     0.     0.     0.     0.     0.     0.     0.
   0.     0.     0.     0.     0.     1.     0.     0.     0.     0.01
   0.     0.   ]
 [ 0.     0.     0.     0.     0.     0.     0.     0.     0.     0.
   1.     0.     0.     0.     0.     0.     0.     0.     0.     0.
   0.     0.     0.     0.     0.     0.     1.     0.     0.     0.
   0.01   0.   ]
 [ 0.     0.     0.     0.     0.     0.     0.     0.     0.     0.
   0.     1.     0.     0.     0.     0.     0.     0.     0.     0.
   0.     0.     0.     0.     0.     0.     0.     1.     0.     0.
   0.     0.01 ]
 [ 0.     0.     0.     0.     0.     0.     0.     0.     0.     0.
   0.     0.     1.     0.     0.     0.     0.     0.     0.     0.
   0.     0.     0.     0.     0.     0.     0.     0.     1.     0.
   0.     0.   ]
 [ 0.     0.     0.     0.     0.     0.     0.     0.     0.     0.
   0.     0.     0.     1.     0.     0.     0.     0.     0.     0.
   0.     0.     0.     0.     0.     0.     0.     0.     0.     1.
   0.     0.   ]
 [ 0.     0.     0.     0.     0.     0.     0.     0.     0.     0.
   0.     0.     0.     0.     1.     0.     0.     0.     0.     0.
   0.     0.     0.     0.     0.     0.     0.     0.     0.     0.
   1.     0.   ]
 [ 0.     0.     0.     0.     0.     0.     0.     0.     0.     0.
   0.     0.     0.     0.     0.     1.     0.     0.     0.     0.
   0.     0.     0.     0.     0.     0.     0.     0.     0.     0.
   0.     1.   ]]
[(-10, 10), (-10, 10), (-10, 10), (1, 1), (1, 1), (1, 1), (1, 1), (1, 1), (1, 1), (1, 1), (1, 1), (1, 1), (1, 1), (1, 1), (1, 1), (1, 1), (9.800000000000004e-05, -9.800000000000004e-05), (9.800000000000004e-05, -9.800000000000004e-05), (0.0, 0.0), (-0.009800000000000003, 0.009800000000000003), (-0.009800000000000003, 0.009800000000000003), (0.0, 0.0), (0.0, 0.0), (0.0, 0.0), (0.0, 0.0), (0.0, 0.0), (0.0, 0.0), (0.0, 0.0), (0.0, 0.0), (0.0, 0.0), (0.0, 0.0), (0.0, 0.0)]

