-------Given Over-approximated Star-------
Center:  [0, 0, 0, 0, 0, 0, 0]
Vector: 
[[1 0 0 0 0 0 0]
 [0 1 0 0 0 0 0]
 [0 0 1 0 0 0 0]
 [0 0 0 1 0 0 0]
 [0 0 0 0 1 0 0]
 [0 0 0 0 0 1 0]
 [0 0 0 0 0 0 1]]
Predicate (Box):  [(-1, 1), (-1, 1), (-1, -1), (1, 1), (1, 1), (1, 1), (1, 1)]
-----------------------

-------Computed U Star-------
Center:  [0, 0, 0, 0, 0, 0, 0]
Vector: 
[[ 1.          0.          0.          0.          0.          0.003125
   0.        ]
 [ 0.          1.          0.          0.          0.          0.
  -0.00888889]
 [ 0.01        0.          1.          0.          0.          0.
   0.        ]
 [ 0.          0.01        0.          1.          0.          0.
   0.        ]
 [ 0.          0.          0.          0.          1.          0.
   0.        ]
 [ 0.          0.          0.          0.          0.          1.
   0.        ]
 [ 0.          0.          0.          0.          0.          0.
   1.        ]]
Predicate (Box):  [(0.0, 0.0), (-0.08888888888888889, 0.08888888888888889), (0.0, 0.0), (0.0008888888888888889, -0.0008888888888888889), (0.0, 0.0), (0.0, 0.0), (0.0, 0.0)]
-----------------------
[0, 0, 0, 0, 0, 0, 0]
[[ 1.          0.          0.          0.          0.          0.
   0.          1.          0.          0.          0.          0.
   0.003125    0.        ]
 [ 0.          1.          0.          0.          0.          0.
   0.          0.          1.          0.          0.          0.
   0.         -0.00888889]
 [ 0.          0.          1.          0.          0.          0.
   0.          0.01        0.          1.          0.          0.
   0.          0.        ]
 [ 0.          0.          0.          1.          0.          0.
   0.          0.          0.01        0.          1.          0.
   0.          0.        ]
 [ 0.          0.          0.          0.          1.          0.
   0.          0.          0.          0.          0.          1.
   0.          0.        ]
 [ 0.          0.          0.          0.          0.          1.
   0.          0.          0.          0.          0.          0.
   1.          0.        ]
 [ 0.          0.          0.          0.          0.          0.
   1.          0.          0.          0.          0.          0.
   0.          1.        ]]
[(-1, 1), (-1, 1), (-1, -1), (1, 1), (1, 1), (1, 1), (1, 1), (0.0, 0.0), (-0.08888888888888889, 0.08888888888888889), (0.0, 0.0), (0.0008888888888888889, -0.0008888888888888889), (0.0, 0.0), (0.0, 0.0), (0.0, 0.0)]

