-------Given Over-approximated Star-------
Center:  [0, 0, 0, 0, 0]
Vector: 
[[1 0 0 0 0]
 [0 1 0 0 0]
 [0 0 1 0 0]
 [0 0 0 1 0]
 [0 0 0 0 1]]
Predicate (Box):  [(1, 1), (1, 1), (1, 1), (1, 1), (-1, 1)]
-----------------------

-------Computed U Star-------
Center:  [0, 0, 0, 0, 0]
Vector: 
[[1.    0.    0.    0.    0.   ]
 [0.    1.    0.    0.    0.   ]
 [0.    0.    1.01  0.    0.   ]
 [0.    0.01  0.    1.01  0.   ]
 [0.032 0.032 0.    0.    1.01 ]]
Predicate (Box):  [(0.0, 0.0), (0.0, 0.0), (0.0, 0.0), (0.0, 0.0), (-0.006336633663366329, 0.00633663366336634)]
-----------------------
[0, 0, 0, 0, 0]
[[1.    0.    0.    0.    0.    1.    0.    0.    0.    0.   ]
 [0.    1.    0.    0.    0.    0.    1.    0.    0.    0.   ]
 [0.    0.    1.    0.    0.    0.    0.    1.01  0.    0.   ]
 [0.    0.    0.    1.    0.    0.    0.01  0.    1.01  0.   ]
 [0.    0.    0.    0.    1.    0.032 0.032 0.    0.    1.01 ]]
[(1, 1), (1, 1), (1, 1), (1, 1), (-1, 1), (0.0, 0.0), (0.0, 0.0), (0.0, 0.0), (0.0, 0.0), (-0.006336633663366329, 0.00633663366336634)]

