-------Given Over-approximated Star-------
Center:  [0, 0, 0, 0, 0]
Vector: 
[[1 0 0 0 0]
 [0 1 0 0 0]
 [0 0 1 0 0]
 [0 0 0 1 0]
 [0 0 0 0 1]]
Predicate (Box):  [(-1, 1), (-1, 1), (1, 1), (1, 1), (1, 1)]
-----------------------

-------Computed U Star-------
Center:  [0, 0, 0, 0, 0]
Vector: 
[[9.97859624e-01 1.14000000e-03 4.19000000e-04 0.00000000e+00
  8.72600349e-07]
 [5.50000000e-04 9.99450000e-01 0.00000000e+00 0.00000000e+00
  0.00000000e+00]
 [3.30000000e-05 0.00000000e+00 9.99967000e-01 0.00000000e+00
  0.00000000e+00]
 [4.00000000e-01 0.00000000e+00 0.00000000e+00 6.00000000e-01
  0.00000000e+00]
 [0.00000000e+00 0.00000000e+00 0.00000000e+00 0.00000000e+00
  1.00000000e+00]]
Predicate (Box):  [(-8.744726098385008e-08, 8.744726098385008e-08), (4.812246089460959e-11, -4.812246089460959e-11), (2.8858548456769605e-12, -2.8858548456769605e-12), (-0.09999994170182609, 0.0999999417018259), (0.0, 0.0)]
-----------------------
[0, 0, 0, 0, 0]
[[1.00000000e+00 0.00000000e+00 0.00000000e+00 0.00000000e+00
  0.00000000e+00 9.97859624e-01 1.14000000e-03 4.19000000e-04
  0.00000000e+00 8.72600349e-07]
 [0.00000000e+00 1.00000000e+00 0.00000000e+00 0.00000000e+00
  0.00000000e+00 5.50000000e-04 9.99450000e-01 0.00000000e+00
  0.00000000e+00 0.00000000e+00]
 [0.00000000e+00 0.00000000e+00 1.00000000e+00 0.00000000e+00
  0.00000000e+00 3.30000000e-05 0.00000000e+00 9.99967000e-01
  0.00000000e+00 0.00000000e+00]
 [0.00000000e+00 0.00000000e+00 0.00000000e+00 1.00000000e+00
  0.00000000e+00 4.00000000e-01 0.00000000e+00 0.00000000e+00
  6.00000000e-01 0.00000000e+00]
 [0.00000000e+00 0.00000000e+00 0.00000000e+00 0.00000000e+00
  1.00000000e+00 0.00000000e+00 0.00000000e+00 0.00000000e+00
  0.00000000e+00 1.00000000e+00]]
[(-1, 1), (-1, 1), (1, 1), (1, 1), (1, 1), (-8.744726098385008e-08, 8.744726098385008e-08), (4.812246089460959e-11, -4.812246089460959e-11), (2.8858548456769605e-12, -2.8858548456769605e-12), (-0.09999994170182609, 0.0999999417018259), (0.0, 0.0)]

