-------Given Over-approximated Star-------
Center:  [0, 0, 0, 0, 0, 0]
Vector: 
[[1 0 0 0 0 0]
 [0 1 0 0 0 0]
 [0 0 1 0 0 0]
 [0 0 0 1 0 0]
 [0 0 0 0 1 0]
 [0 0 0 0 0 1]]
Predicate (Box):  [(1, 1), (-1, 1), (1, 1), (1, 1), (1, 1), (1, 1)]
-----------------------

-------Computed U Star-------
Center:  [0, 0, 0, 0, 0, 0]
Vector: 
[[ 1.00000000e+00  0.00000000e+00  1.00000000e-02  0.00000000e+00
   0.00000000e+00  0.00000000e+00]
 [ 0.00000000e+00  1.00000000e+00  0.00000000e+00  1.00000000e-02
   0.00000000e+00  0.00000000e+00]
 [ 1.59526610e-01  0.00000000e+00  1.00000000e+00  4.61196429e-02
   2.00000000e-05  0.00000000e+00]
 [ 0.00000000e+00  0.00000000e+00 -4.61196429e-02  1.00000000e+00
   0.00000000e+00  2.00000000e-05]
 [ 0.00000000e+00  0.00000000e+00  0.00000000e+00  0.00000000e+00
   1.00000000e+00  0.00000000e+00]
 [ 0.00000000e+00  0.00000000e+00  0.00000000e+00  0.00000000e+00
   0.00000000e+00  1.00000000e+00]]
Predicate (Box):  [(0.00020341106603947485, -0.000203411066039475), (5.5500888617595665e-05, -5.5500888617595665e-05), (-0.020341106603947487, 0.0203411066039475), (-0.005550088861759566, 0.005550088861759566), (0.0, 0.0), (0.0, 0.0)]
-----------------------
[0, 0, 0, 0, 0, 0]
[[ 1.00000000e+00  0.00000000e+00  0.00000000e+00  0.00000000e+00
   0.00000000e+00  0.00000000e+00  1.00000000e+00  0.00000000e+00
   1.00000000e-02  0.00000000e+00  0.00000000e+00  0.00000000e+00]
 [ 0.00000000e+00  1.00000000e+00  0.00000000e+00  0.00000000e+00
   0.00000000e+00  0.00000000e+00  0.00000000e+00  1.00000000e+00
   0.00000000e+00  1.00000000e-02  0.00000000e+00  0.00000000e+00]
 [ 0.00000000e+00  0.00000000e+00  1.00000000e+00  0.00000000e+00
   0.00000000e+00  0.00000000e+00  1.59526610e-01  0.00000000e+00
   1.00000000e+00  4.61196429e-02  2.00000000e-05  0.00000000e+00]
 [ 0.00000000e+00  0.00000000e+00  0.00000000e+00  1.00000000e+00
   0.00000000e+00  0.00000000e+00  0.00000000e+00  0.00000000e+00
  -4.61196429e-02  1.00000000e+00  0.00000000e+00  2.00000000e-05]
 [ 0.00000000e+00  0.00000000e+00  0.00000000e+00  0.00000000e+00
   1.00000000e+00  0.00000000e+00  0.00000000e+00  0.00000000e+00
   0.00000000e+00  0.00000000e+00  1.00000000e+00  0.00000000e+00]
 [ 0.00000000e+00  0.00000000e+00  0.00000000e+00  0.00000000e+00
   0.00000000e+00  1.00000000e+00  0.00000000e+00  0.00000000e+00
   0.00000000e+00  0.00000000e+00  0.00000000e+00  1.00000000e+00]]
[(1, 1), (-1, 1), (1, 1), (1, 1), (1, 1), (1, 1), (0.00020341106603947485, -0.000203411066039475), (5.5500888617595665e-05, -5.5500888617595665e-05), (-0.020341106603947487, 0.0203411066039475), (-0.005550088861759566, 0.005550088861759566), (0.0, 0.0), (0.0, 0.0)]

