-------Given Over-approximated Star-------
Center:  [0, 0, 0, 0, 0, 0]
Vector: 
[[1 0 0 0 0 0]
 [0 1 0 0 0 0]
 [0 0 1 0 0 0]
 [0 0 0 1 0 0]
 [0 0 0 0 1 0]
 [0 0 0 0 0 1]]
Predicate (Box):  [(1, 1), (-1, 1), (1, 1), (1, 1), (1, 1), (1, 1)]
-----------------------

-------Computed U Star-------
Center:  [0, 0, 0, 0, 0, 0]
Vector: 
[[ 1.00000000e+00  0.00000000e+00  1.00000000e-02  0.00000000e+00
   0.00000000e+00  0.00000000e+00]
 [ 0.00000000e+00  1.00000000e+00  0.00000000e+00  1.00000000e-02
   0.00000000e+00  0.00000000e+00]
 [ 1.59526610e-01  0.00000000e+00  1.00000000e+00  4.61196429e-02
   2.00000000e-05  0.00000000e+00]
 [ 0.00000000e+00  0.00000000e+00 -4.61196429e-02  1.00000000e+00
   0.00000000e+00  2.00000000e-05]
 [ 0.00000000e+00  0.00000000e+00  0.00000000e+00  0.00000000e+00
   1.00000000e+00  0.00000000e+00]
 [ 0.00000000e+00  0.00000000e+00  0.00000000e+00  0.00000000e+00
   0.00000000e+00  1.00000000e+00]]
Predicate (Box):  [(0.2034110660394749, -0.20341106603947484), (0.055500888617595674, -0.055500888617595674), (-20.34110660394749, 20.341106603947487), (-5.550088861759567, 5.550088861759567), (0.0, 0.0), (0.0, 0.0)]
-----------------------
[0, 0, 0, 0, 0, 0]
[[ 1.00000000e+00  0.00000000e+00  0.00000000e+00  0.00000000e+00
   0.00000000e+00  0.00000000e+00  1.00000000e+00  0.00000000e+00
   1.00000000e-02  0.00000000e+00  0.00000000e+00  0.00000000e+00]
 [ 0.00000000e+00  1.00000000e+00  0.00000000e+00  0.00000000e+00
   0.00000000e+00  0.00000000e+00  0.00000000e+00  1.00000000e+00
   0.00000000e+00  1.00000000e-02  0.00000000e+00  0.00000000e+00]
 [ 0.00000000e+00  0.00000000e+00  1.00000000e+00  0.00000000e+00
   0.00000000e+00  0.00000000e+00  1.59526610e-01  0.00000000e+00
   1.00000000e+00  4.61196429e-02  2.00000000e-05  0.00000000e+00]
 [ 0.00000000e+00  0.00000000e+00  0.00000000e+00  1.00000000e+00
   0.00000000e+00  0.00000000e+00  0.00000000e+00  0.00000000e+00
  -4.61196429e-02  1.00000000e+00  0.00000000e+00  2.00000000e-05]
 [ 0.00000000e+00  0.00000000e+00  0.00000000e+00  0.00000000e+00
   1.00000000e+00  0.00000000e+00  0.00000000e+00  0.00000000e+00
   0.00000000e+00  0.00000000e+00  1.00000000e+00  0.00000000e+00]
 [ 0.00000000e+00  0.00000000e+00  0.00000000e+00  0.00000000e+00
   0.00000000e+00  1.00000000e+00  0.00000000e+00  0.00000000e+00
   0.00000000e+00  0.00000000e+00  0.00000000e+00  1.00000000e+00]]
[(1, 1), (-1, 1), (1, 1), (1, 1), (1, 1), (1, 1), (0.2034110660394749, -0.20341106603947484), (0.055500888617595674, -0.055500888617595674), (-20.34110660394749, 20.341106603947487), (-5.550088861759567, 5.550088861759567), (0.0, 0.0), (0.0, 0.0)]

