-------Given Over-approximated Star-------
Center:  [0, 0, 0]
Vector: 
[[1 0 0]
 [0 1 0]
 [0 0 1]]
Predicate (Box):  [(-1, 1), (1, 1), (1, 1)]
-----------------------

-------Computed U Star-------
Center:  [0, 0, 0]
Vector: 
[[1.   0.   0.  ]
 [0.   1.   0.  ]
 [0.   0.   0.99]]
Predicate (Box):  [(0.0, 0.0), (0.0, 0.0), (-0.09999999999999998, 0.09999999999999998)]
-----------------------
[0, 0, 0]
[[1.   0.   0.   1.   0.   0.  ]
 [0.   1.   0.   0.   1.   0.  ]
 [0.   0.   1.   0.   0.   0.99]]
[(-1, 1), (1, 1), (1, 1), (0.0, 0.0), (0.0, 0.0), (-0.09999999999999998, 0.09999999999999998)]

